0.000000 0.000000 0.000000 0.000000 0.000000 0.000000 0.000000 0.000000 0.000000 0.000000 0.000000 0.000000 0.000000 0.000000 0.000000 0.000000 0.000000 0.000000 0.000000 0.000000 0.000000 0.000000 0.000000 0.000000 0.000000 0.000000 0.000000 0.000000 0.000000 0.000000 0.000000 0.000000 0.000000 0.000000 0.000000 0.000000 0.000000 0.000000 0.000000 0.000000 
0.000000 0.000000 0.000000 0.000000 0.000000 0.000000 0.000000 0.000000 0.000000 0.000000 0.000000 0.000000 0.000000 0.000000 0.000000 0.000000 0.000000 0.000000 0.000000 0.000000 0.000000 0.000000 0.000000 0.000000 0.000000 0.000000 0.000000 0.000000 0.000000 0.000000 0.000000 0.000000 0.000000 0.000000 0.000000 0.000000 0.000000 0.000000 0.000000 0.000000 
0.000000 0.000000 0.000000 0.000000 0.000000 0.000000 0.000000 0.000000 0.000000 0.000000 0.000000 0.000000 0.000000 0.000000 0.000000 0.000000 0.000000 0.000000 0.000000 0.000000 0.000000 0.000000 0.000000 0.000000 0.000000 0.000000 0.000000 0.000000 0.000000 0.000000 0.000000 0.000000 0.000000 0.000000 0.000000 0.000000 0.000000 0.000000 0.000000 0.000000 
0.000000 0.000000 0.000000 0.000000 0.000000 0.000000 0.000000 0.000000 0.000000 0.000000 0.000000 0.000000 0.000000 0.000000 0.000000 0.000000 0.000000 0.000000 0.000000 0.000000 0.000000 0.000000 0.000000 0.000000 0.000000 0.000000 0.000000 0.000000 0.000000 0.000000 0.000000 0.000000 0.000000 0.000000 0.000000 0.000000 0.000000 0.000000 0.000000 0.000000 
0.000000 0.000000 0.000000 0.000000 0.000000 0.000000 0.000000 0.000000 0.000000 0.000000 0.000000 0.000000 0.000000 0.000000 0.000000 0.000000 0.000000 0.000000 0.000000 0.000000 0.000000 0.000000 0.000000 0.000000 0.000000 0.000000 0.000000 0.000000 0.000000 0.000000 0.000000 0.000000 0.000000 0.000000 0.000000 0.000000 0.000000 0.000000 0.000000 0.000000 
0.000000 0.000000 0.687500 0.718750 0.000000 0.000000 0.000000 0.000000 0.000000 0.000000 0.000000 0.000000 0.000000 0.000000 0.000000 0.000000 0.000000 0.000000 0.000000 0.000000 0.000000 0.000000 0.000000 0.000000 0.000000 0.000000 0.000000 0.000000 0.000000 0.000000 0.000000 0.000000 0.000000 0.000000 0.000000 0.000000 0.000000 0.000000 0.000000 0.000000 
0.000000 0.000000 0.718750 0.703125 0.664062 0.656250 0.000000 0.000000 0.000000 0.000000 0.000000 0.000000 0.000000 0.000000 0.000000 0.000000 0.000000 0.000000 0.000000 0.000000 0.000000 0.000000 0.000000 0.000000 0.000000 0.000000 0.000000 0.000000 0.000000 0.000000 0.000000 0.000000 0.000000 0.000000 0.000000 0.000000 0.000000 0.000000 0.000000 0.000000 
0.000000 0.000000 0.730469 0.671875 0.000000 0.000000 0.000000 0.000000 0.000000 0.000000 0.000000 0.000000 0.000000 0.000000 0.000000 0.000000 0.000000 0.000000 0.000000 0.000000 0.000000 0.000000 0.000000 0.000000 0.000000 0.000000 0.000000 0.000000 0.000000 0.000000 0.000000 0.000000 0.000000 0.000000 0.000000 0.000000 0.000000 0.000000 0.000000 0.000000 
0.000000 0.000000 0.714844 0.000000 0.000000 0.000000 0.000000 0.000000 0.000000 0.000000 0.000000 0.000000 0.000000 0.000000 0.000000 0.000000 0.000000 0.000000 0.000000 0.000000 0.000000 0.000000 0.000000 0.000000 0.000000 0.000000 0.000000 0.000000 0.000000 0.000000 0.000000 0.000000 0.000000 0.000000 0.000000 0.000000 0.000000 0.000000 0.000000 0.000000 
0.000000 0.000000 0.000000 0.000000 0.000000 0.000000 0.000000 0.000000 0.000000 0.000000 0.000000 0.000000 0.000000 0.000000 0.000000 0.000000 0.000000 0.000000 0.000000 0.000000 0.000000 0.000000 0.000000 0.000000 0.000000 0.000000 0.000000 0.000000 0.000000 0.000000 0.000000 0.000000 0.000000 0.000000 0.000000 0.000000 0.000000 0.000000 0.000000 0.000000 
0.753906 0.765625 0.816406 0.789062 0.734375 0.683594 0.757812 0.773438 0.710938 0.746094 0.800781 0.792969 0.753906 0.757812 0.773438 0.746094 0.828125 0.894531 0.859375 0.871094 0.875000 0.871094 0.828125 0.871094 0.867188 0.804688 0.769531 0.804688 0.843750 0.898438 0.875000 0.882812 0.843750 0.851562 0.890625 0.898438 0.855469 0.796875 0.792969 0.769531 
0.769531 0.761719 0.871094 0.875000 0.820312 0.789062 0.839844 0.796875 0.792969 0.796875 0.683594 0.664062 0.757812 0.714844 0.703125 0.738281 0.746094 0.777344 0.796875 0.824219 0.808594 0.773438 0.765625 0.816406 0.855469 0.785156 0.781250 0.808594 0.832031 0.796875 0.781250 0.722656 0.742188 0.757812 0.687500 0.703125 0.683594 0.718750 0.671875 0.652344 
0.687500 0.000000 0.785156 0.832031 0.000000 0.699219 0.804688 0.000000 0.687500 0.000000 0.000000 0.000000 0.000000 0.000000 0.000000 0.000000 0.000000 0.656250 0.714844 0.773438 0.707031 0.683594 0.667969 0.660156 0.726562 0.750000 0.726562 0.738281 0.796875 0.781250 0.761719 0.675781 0.730469 0.742188 0.000000 0.000000 0.000000 0.000000 0.000000 0.000000 
0.679688 0.000000 0.789062 0.843750 0.000000 0.695312 0.820312 0.000000 0.000000 0.000000 0.000000 0.000000 0.000000 0.000000 0.000000 0.000000 0.000000 0.000000 0.710938 0.781250 0.703125 0.652344 0.652344 0.667969 0.761719 0.777344 0.730469 0.738281 0.765625 0.808594 0.773438 0.664062 0.718750 0.730469 0.000000 0.000000 0.000000 0.000000 0.000000 0.000000 
0.000000 0.000000 0.796875 0.863281 0.000000 0.695312 0.839844 0.664062 0.000000 0.000000 0.000000 0.000000 0.000000 0.000000 0.000000 0.000000 0.000000 0.000000 0.691406 0.785156 0.750000 0.000000 0.000000 0.652344 0.789062 0.738281 0.695312 0.707031 0.773438 0.789062 0.757812 0.683594 0.707031 0.726562 0.000000 0.000000 0.000000 0.000000 0.000000 0.000000 
0.000000 0.000000 0.804688 0.882812 0.000000 0.683594 0.843750 0.664062 0.000000 0.000000 0.000000 0.000000 0.000000 0.000000 0.000000 0.000000 0.000000 0.000000 0.687500 0.753906 0.726562 0.000000 0.000000 0.718750 0.812500 0.777344 0.742188 0.734375 0.789062 0.824219 0.808594 0.710938 0.734375 0.699219 0.000000 0.000000 0.000000 0.656250 0.000000 0.656250 
0.000000 0.000000 0.820312 0.890625 0.667969 0.671875 0.835938 0.667969 0.703125 0.000000 0.000000 0.000000 0.000000 0.000000 0.000000 0.000000 0.000000 0.652344 0.695312 0.746094 0.718750 0.656250 0.671875 0.769531 0.843750 0.789062 0.757812 0.753906 0.792969 0.820312 0.820312 0.718750 0.710938 0.703125 0.687500 0.687500 0.000000 0.664062 0.000000 0.656250 
0.000000 0.000000 0.820312 0.886719 0.000000 0.746094 0.898438 0.742188 0.777344 0.695312 0.738281 0.679688 0.703125 0.000000 0.691406 0.703125 0.699219 0.710938 0.773438 0.871094 0.832031 0.734375 0.753906 0.800781 0.808594 0.777344 0.765625 0.734375 0.804688 0.824219 0.808594 0.757812 0.742188 0.742188 0.718750 0.753906 0.707031 0.750000 0.691406 0.664062 
0.000000 0.000000 0.816406 0.875000 0.000000 0.789062 0.921875 0.742188 0.804688 0.703125 0.750000 0.675781 0.714844 0.000000 0.707031 0.718750 0.714844 0.730469 0.781250 0.886719 0.851562 0.773438 0.769531 0.828125 0.804688 0.792969 0.765625 0.746094 0.765625 0.808594 0.812500 0.777344 0.832031 0.792969 0.722656 0.769531 0.753906 0.765625 0.703125 0.671875 
0.804688 0.808594 0.796875 0.835938 0.652344 0.796875 0.898438 0.746094 0.824219 0.703125 0.753906 0.660156 0.699219 0.000000 0.679688 0.714844 0.714844 0.726562 0.769531 0.863281 0.824219 0.742188 0.761719 0.808594 0.777344 0.765625 0.746094 0.703125 0.765625 0.800781 0.777344 0.773438 0.820312 0.765625 0.703125 0.757812 0.750000 0.738281 0.675781 0.671875 
0.699219 0.000000 0.812500 0.820312 0.000000 0.781250 0.839844 0.714844 0.796875 0.000000 0.714844 0.000000 0.000000 0.000000 0.000000 0.675781 0.660156 0.695312 0.738281 0.800781 0.792969 0.699219 0.722656 0.761719 0.750000 0.722656 0.695312 0.671875 0.703125 0.773438 0.753906 0.714844 0.750000 0.679688 0.000000 0.691406 0.664062 0.000000 0.000000 0.000000 
0.722656 0.718750 0.808594 0.804688 0.000000 0.777344 0.808594 0.734375 0.785156 0.000000 0.703125 0.000000 0.000000 0.000000 0.000000 0.675781 0.687500 0.718750 0.750000 0.800781 0.781250 0.679688 0.734375 0.781250 0.738281 0.699219 0.683594 0.679688 0.730469 0.773438 0.703125 0.687500 0.730469 0.671875 0.000000 0.667969 0.000000 0.000000 0.000000 0.000000 
0.695312 0.675781 0.800781 0.796875 0.000000 0.792969 0.800781 0.761719 0.765625 0.000000 0.675781 0.000000 0.000000 0.000000 0.000000 0.679688 0.671875 0.703125 0.734375 0.800781 0.777344 0.675781 0.722656 0.785156 0.730469 0.675781 0.683594 0.679688 0.750000 0.765625 0.703125 0.699219 0.726562 0.000000 0.000000 0.687500 0.000000 0.652344 0.000000 0.000000 
0.687500 0.000000 0.816406 0.796875 0.000000 0.804688 0.789062 0.785156 0.734375 0.000000 0.000000 0.000000 0.000000 0.000000 0.660156 0.664062 0.679688 0.707031 0.761719 0.820312 0.726562 0.000000 0.726562 0.757812 0.714844 0.679688 0.000000 0.671875 0.742188 0.757812 0.687500 0.679688 0.664062 0.000000 0.000000 0.656250 0.000000 0.000000 0.000000 0.000000 
0.000000 0.703125 0.789062 0.746094 0.660156 0.777344 0.734375 0.820312 0.726562 0.000000 0.000000 0.000000 0.000000 0.000000 0.675781 0.656250 0.660156 0.710938 0.773438 0.835938 0.675781 0.000000 0.707031 0.722656 0.687500 0.660156 0.000000 0.671875 0.734375 0.753906 0.683594 0.675781 0.000000 0.000000 0.000000 0.671875 0.000000 0.000000 0.000000 0.000000 
0.000000 0.683594 0.812500 0.765625 0.675781 0.792969 0.726562 0.796875 0.000000 0.000000 0.000000 0.000000 0.000000 0.000000 0.660156 0.671875 0.652344 0.695312 0.792969 0.804688 0.000000 0.000000 0.730469 0.734375 0.679688 0.000000 0.000000 0.675781 0.726562 0.722656 0.664062 0.664062 0.000000 0.000000 0.000000 0.000000 0.000000 0.000000 0.000000 0.000000 
0.730469 0.753906 0.824219 0.761719 0.687500 0.785156 0.718750 0.812500 0.000000 0.000000 0.000000 0.000000 0.000000 0.000000 0.000000 0.000000 0.656250 0.691406 0.777344 0.761719 0.652344 0.000000 0.691406 0.730469 0.691406 0.000000 0.000000 0.000000 0.703125 0.695312 0.660156 0.000000 0.000000 0.000000 0.000000 0.000000 0.000000 0.000000 0.000000 0.000000 
0.000000 0.714844 0.828125 0.734375 0.691406 0.746094 0.730469 0.820312 0.000000 0.000000 0.000000 0.000000 0.652344 0.000000 0.000000 0.652344 0.660156 0.679688 0.734375 0.726562 0.000000 0.000000 0.687500 0.753906 0.707031 0.000000 0.000000 0.000000 0.714844 0.695312 0.000000 0.660156 0.000000 0.000000 0.000000 0.000000 0.000000 0.000000 0.000000 0.000000 
0.660156 0.000000 0.785156 0.695312 0.714844 0.722656 0.742188 0.781250 0.000000 0.000000 0.000000 0.000000 0.000000 0.000000 0.000000 0.000000 0.000000 0.667969 0.730469 0.765625 0.000000 0.000000 0.683594 0.746094 0.714844 0.000000 0.000000 0.000000 0.707031 0.714844 0.000000 0.000000 0.000000 0.000000 0.000000 0.000000 0.000000 0.000000 0.000000 0.000000 
0.671875 0.687500 0.792969 0.679688 0.691406 0.679688 0.773438 0.796875 0.000000 0.000000 0.000000 0.000000 0.000000 0.000000 0.000000 0.000000 0.000000 0.667969 0.722656 0.707031 0.000000 0.000000 0.000000 0.703125 0.675781 0.000000 0.000000 0.000000 0.699219 0.699219 0.000000 0.000000 0.000000 0.000000 0.000000 0.000000 0.000000 0.000000 0.000000 0.000000 
0.000000 0.699219 0.804688 0.730469 0.726562 0.679688 0.773438 0.785156 0.000000 0.000000 0.000000 0.000000 0.000000 0.000000 0.000000 0.000000 0.000000 0.660156 0.679688 0.000000 0.000000 0.000000 0.000000 0.671875 0.000000 0.000000 0.000000 0.000000 0.667969 0.679688 0.652344 0.000000 0.000000 0.000000 0.000000 0.000000 0.000000 0.000000 0.000000 0.000000 
0.000000 0.679688 0.757812 0.671875 0.664062 0.000000 0.753906 0.746094 0.000000 0.000000 0.000000 0.000000 0.000000 0.000000 0.000000 0.000000 0.000000 0.000000 0.660156 0.000000 0.000000 0.000000 0.000000 0.000000 0.000000 0.000000 0.000000 0.000000 0.000000 0.656250 0.000000 0.000000 0.000000 0.000000 0.000000 0.000000 0.000000 0.000000 0.000000 0.000000 
0.730469 0.710938 0.792969 0.714844 0.000000 0.000000 0.722656 0.734375 0.000000 0.000000 0.000000 0.000000 0.000000 0.000000 0.000000 0.000000 0.000000 0.000000 0.000000 0.000000 0.000000 0.000000 0.000000 0.000000 0.000000 0.000000 0.000000 0.000000 0.000000 0.000000 0.000000 0.000000 0.000000 0.000000 0.000000 0.000000 0.000000 0.000000 0.000000 0.000000 
0.781250 0.750000 0.812500 0.726562 0.000000 0.000000 0.695312 0.722656 0.000000 0.000000 0.000000 0.000000 0.000000 0.000000 0.000000 0.000000 0.000000 0.000000 0.000000 0.000000 0.000000 0.000000 0.000000 0.000000 0.000000 0.000000 0.000000 0.000000 0.000000 0.000000 0.000000 0.000000 0.000000 0.000000 0.000000 0.000000 0.000000 0.000000 0.000000 0.000000 
0.738281 0.699219 0.750000 0.652344 0.000000 0.000000 0.000000 0.000000 0.000000 0.000000 0.000000 0.000000 0.000000 0.000000 0.000000 0.000000 0.000000 0.000000 0.000000 0.000000 0.000000 0.000000 0.000000 0.000000 0.000000 0.000000 0.000000 0.000000 0.000000 0.000000 0.000000 0.000000 0.000000 0.000000 0.000000 0.000000 0.000000 0.000000 0.000000 0.000000 
0.718750 0.656250 0.734375 0.664062 0.000000 0.000000 0.000000 0.000000 0.000000 0.000000 0.000000 0.000000 0.000000 0.000000 0.000000 0.000000 0.000000 0.000000 0.000000 0.000000 0.000000 0.000000 0.000000 0.000000 0.000000 0.000000 0.000000 0.000000 0.000000 0.000000 0.000000 0.000000 0.000000 0.000000 0.000000 0.000000 0.000000 0.000000 0.000000 0.000000 
0.769531 0.703125 0.667969 0.660156 0.679688 0.703125 0.753906 0.746094 0.738281 0.757812 0.769531 0.750000 0.722656 0.664062 0.000000 0.722656 0.769531 0.792969 0.792969 0.789062 0.765625 0.699219 0.761719 0.816406 0.828125 0.820312 0.757812 0.792969 0.847656 0.839844 0.781250 0.832031 0.859375 0.796875 0.839844 0.859375 0.804688 0.847656 0.781250 0.777344 
0.726562 0.671875 0.757812 0.679688 0.000000 0.000000 0.000000 0.000000 0.000000 0.000000 0.000000 0.000000 0.000000 0.000000 0.000000 0.000000 0.000000 0.000000 0.000000 0.000000 0.000000 0.000000 0.000000 0.000000 0.000000 0.000000 0.000000 0.000000 0.000000 0.000000 0.000000 0.000000 0.000000 0.000000 0.000000 0.000000 0.000000 0.000000 0.000000 0.000000 
0.757812 0.683594 0.703125 0.652344 0.000000 0.000000 0.000000 0.000000 0.000000 0.000000 0.000000 0.000000 0.000000 0.000000 0.000000 0.000000 0.000000 0.000000 0.000000 0.000000 0.000000 0.000000 0.000000 0.000000 0.000000 0.000000 0.000000 0.000000 0.000000 0.000000 0.000000 0.000000 0.000000 0.000000 0.000000 0.000000 0.000000 0.000000 0.000000 0.000000 
0.000000 0.671875 0.726562 0.000000 0.000000 0.000000 0.000000 0.000000 0.000000 0.000000 0.000000 0.000000 0.000000 0.000000 0.000000 0.000000 0.000000 0.000000 0.000000 0.000000 0.000000 0.000000 0.000000 0.000000 0.000000 0.000000 0.000000 0.000000 0.000000 0.000000 0.000000 0.000000 0.000000 0.000000 0.000000 0.000000 0.000000 0.000000 0.000000 0.000000 
