2.358475 1.615473 1.769050 1.845304 1.232858 1.603655 1.336675 1.393471 1.375799 1.497819 1.426596 1.826955 1.049621 1.533372 0.906409 1.479432 1.358213 1.512394 1.057051 1.401043 1.556762 1.323671 1.419589 1.580964 1.568750 1.255660 1.889542 1.652569 1.915171 1.500612 1.730132 1.294342 1.332388 1.568759 1.561853 1.675124 1.688568 1.523378 1.689679 1.519270 
2.316041 0.104057 1.102889 1.765629 0.877196 1.409320 0.685599 1.306739 1.330998 1.008788 1.216682 1.258688 1.399643 1.573152 1.143787 1.053219 1.049826 1.510356 1.457114 1.452567 1.763962 1.727858 1.351200 1.392697 1.562502 1.530226 1.656994 1.649309 0.799668 1.870018 1.602931 1.369689 1.889546 1.516049 1.458487 1.356951 1.328744 1.212287 1.645553 1.438690 
2.473434 0.989411 1.365356 0.878716 1.366737 0.889255 1.255892 0.985962 1.113995 1.165345 1.255095 1.425742 1.506388 0.685632 1.432415 1.141740 1.239566 1.413801 1.354164 1.017205 1.158530 1.455332 0.627237 1.584055 1.526208 1.103027 1.198908 1.329206 1.619933 1.001390 1.236707 1.382808 1.973945 2.021496 1.102866 1.858556 1.764196 1.530122 1.541124 1.479876 
2.698603 1.464654 1.607221 1.729375 1.021925 0.762307 1.192375 1.087378 1.281814 0.984174 1.297515 1.244137 1.096053 1.225605 0.640648 1.488416 1.026048 1.438416 1.495921 1.197448 1.305740 1.360622 1.261683 1.254745 1.177893 1.532974 1.154403 1.697689 1.791337 1.178544 1.775887 1.548162 1.599650 1.800191 1.643702 1.609921 1.773107 1.784250 1.367121 1.039368 
2.808174 1.438564 1.048145 0.875238 1.201174 1.139527 0.790029 1.346750 1.382144 1.055703 1.233273 1.122539 1.243442 1.650162 1.399611 1.518757 1.098177 1.147011 1.564644 1.040371 1.211259 1.476221 1.219041 1.731428 1.347943 1.562380 1.549153 1.536995 1.103427 1.491422 2.082549 1.791623 1.495258 1.941938 1.286752 1.919259 1.071745 1.423575 1.114181 1.439976 
2.853253 1.298478 1.533415 1.658156 1.335660 0.957415 0.885174 1.031583 0.859013 0.518223 1.233396 0.320403 0.953120 1.058002 1.640983 1.111558 1.618551 0.779530 1.530489 1.493509 1.536248 1.277349 1.091362 1.071898 1.677138 1.677909 1.715510 1.548817 1.475193 1.562327 1.426999 1.790313 1.174046 1.114471 1.257089 1.967934 1.666137 1.699611 1.051725 1.339971 
2.929044 1.474347 1.718621 1.377216 0.488382 1.322304 1.522063 0.157835 1.025555 1.351898 1.446295 1.241149 1.404750 1.039811 1.431918 1.219724 1.520111 1.589595 1.364856 1.583219 1.439391 0.949686 1.484552 1.184550 0.746229 1.537049 1.240174 1.760230 1.663928 1.724112 1.286017 1.729997 1.368796 1.879838 1.599297 1.709041 1.213806 1.537786 1.626565 1.528810 
2.987972 1.558573 1.461525 1.608363 0.109021 1.021996 1.059066 1.552537 1.335528 0.746276 1.415494 1.031022 1.208612 1.493261 1.294440 1.089073 1.260538 1.507924 1.338274 1.321788 1.277668 1.721801 1.255700 1.375790 1.373549 1.190772 0.479995 1.766797 1.245959 1.647724 1.039725 1.598520 1.137481 1.637352 1.209838 1.594880 1.361765 1.496638 1.548867 1.190335 
2.969455 1.756492 1.867880 1.594203 1.091987 1.354773 1.332141 1.208207 1.545787 1.182341 1.041965 1.233478 1.245908 1.708863 1.163486 1.242911 1.307067 1.458184 1.671577 1.469336 0.703974 1.186622 1.394136 1.531976 1.257536 1.393189 1.419691 1.312050 1.717262 1.515986 1.854137 1.843842 1.568941 1.763120 1.586391 1.797112 1.700935 1.486382 1.324706 1.330900 
2.715126 1.525939 2.382599 2.052240 1.392415 1.576570 1.014438 0.792069 1.349125 0.968489 1.234807 0.823676 1.115098 0.792298 1.318561 0.895948 1.494969 1.233852 1.238400 1.516560 1.428400 1.053297 1.036427 1.645539 1.405260 1.436060 0.904447 1.592553 1.540268 1.511364 1.618554 1.835767 1.602057 1.590857 1.835012 1.758116 0.337857 1.949466 0.781464 1.403342 
2.826185 2.023203 3.342509 2.985873 2.703241 2.318392 2.836975 2.764469 2.388104 1.466333 1.599962 1.766654 1.722923 1.882195 2.225967 2.233609 1.765621 1.708952 1.324720 1.411563 1.705882 1.579956 1.754957 1.726466 1.868059 1.639843 1.732097 1.610781 1.495291 2.016644 1.727911 1.681674 1.589180 1.765278 2.114101 1.278985 1.719648 1.501063 1.520219 1.305020 
2.954047 1.757230 3.626523 2.989706 2.965551 3.171604 1.817256 2.419820 1.799265 0.993677 1.211432 1.430645 1.452911 0.520614 1.669797 1.325461 1.158378 1.123904 1.599878 1.119486 1.268041 1.551024 1.475264 1.045455 1.154713 1.281779 1.512713 1.407782 1.242700 1.931752 1.536547 0.839332 1.537764 1.394887 1.691177 1.037239 1.721507 1.025458 1.102948 0.834605 
2.966531 2.156635 3.749646 3.065639 3.280490 3.340264 2.625440 2.834946 2.182818 1.899253 0.734206 1.736696 1.351971 1.471175 1.532544 1.376070 0.791826 1.285081 1.604239 1.740453 1.434695 1.248348 1.501574 1.529914 1.710617 1.889351 1.615672 1.716874 1.652178 2.104582 1.978789 1.163698 1.879952 1.709386 1.777723 1.251537 1.900198 1.498224 1.354114 1.491972 
4.196562 4.337008 4.503250 4.109081 4.167033 4.425812 4.460500 4.096751 4.051075 4.124167 4.154810 4.060183 3.624545 3.504968 3.695086 4.191745 4.269989 4.460726 3.929834 4.023945 4.012144 3.405634 3.554197 3.252813 3.884339 3.745433 3.609025 3.721127 3.894752 3.401389 3.751829 3.629489 3.888713 3.688671 3.907216 3.894008 3.472640 3.628040 3.605260 2.854940 
4.402081 4.519883 3.933059 4.437182 3.832093 4.686919 3.336179 4.100944 3.793179 3.251922 3.637817 3.050545 3.133237 2.854345 3.391582 3.580960 3.763011 3.728138 3.917780 4.365700 3.420900 3.859010 3.467528 3.199962 4.043963 3.658258 3.879759 3.751848 4.022604 3.459534 2.994263 3.134334 3.450435 2.634286 2.784140 2.434238 3.146191 3.054295 2.883026 2.521093 
4.169133 3.499295 4.208687 4.693992 3.164037 4.757074 4.074367 3.404859 3.812816 2.786137 3.583649 2.721835 3.620085 2.842224 2.810951 3.400941 3.340358 2.214253 3.308256 4.347134 3.824365 3.865011 3.857642 3.288900 3.584804 3.073669 4.112654 1.671440 4.066965 3.521920 2.920077 3.447551 3.247347 2.357335 2.226838 2.937324 2.978930 3.066560 2.989007 2.601745 
3.199250 3.181012 4.211084 4.738285 3.142813 4.737895 4.168630 3.209567 3.872063 2.423577 3.604653 2.448791 3.643728 2.426743 3.076709 3.534303 3.167574 3.151376 3.837404 4.474297 3.795227 3.809273 3.661309 3.922929 3.919278 3.399402 3.885452 3.375203 3.640896 3.825142 3.932531 2.678622 3.797036 2.495475 2.704601 2.859069 2.786247 3.189215 3.292490 2.924135 
2.740290 2.744195 4.235236 4.775758 3.199490 4.740761 4.209126 2.954678 3.873017 2.654124 3.445841 2.443020 3.691564 2.730578 3.191937 3.373264 2.580859 2.789358 3.889905 4.476187 3.573735 3.600258 3.240154 4.294265 4.332719 3.242504 3.837109 3.465741 3.414735 3.999103 3.884895 3.378793 3.468679 2.675436 2.776401 3.303777 2.537128 3.081829 2.829080 2.827070 
3.122298 2.995677 4.233976 4.718529 2.532674 4.658481 4.054558 2.267511 3.897551 2.583280 3.160989 2.484853 3.601325 2.441391 3.127446 3.061003 2.514876 3.153666 3.581710 4.277131 3.234203 3.297603 3.001302 4.131195 4.294672 3.263978 3.996888 3.388191 3.653115 3.720730 3.257033 3.367074 3.665012 2.488291 2.692438 2.513545 2.616414 3.184701 2.667210 2.820925 
3.229009 2.988712 4.238672 4.655278 3.206053 4.513179 3.757511 2.650274 3.755901 2.490411 2.870782 2.617785 3.363150 1.729067 2.773158 2.847027 2.309020 3.021948 3.142607 3.590155 2.842814 2.642572 2.703520 3.577050 3.906574 3.367617 3.941117 3.347280 4.231799 3.577165 2.954127 3.271149 3.799949 2.804802 2.881761 2.355967 1.917922 3.167866 2.540871 2.836075 
2.769901 2.658040 4.228237 4.604884 4.014828 4.261455 3.956127 4.156775 4.227206 3.575293 3.431206 3.761135 3.620063 2.819049 3.301799 3.483011 3.230983 3.486082 3.469390 3.923799 3.788230 3.800732 3.245988 3.830825 3.278841 3.921453 3.449750 3.902739 4.048097 3.876193 3.382295 2.892461 3.340164 2.820898 2.378846 3.401267 2.626656 3.562048 2.715403 3.312796 
3.173733 3.168218 4.309756 4.464280 3.402264 5.038720 3.961987 3.935342 4.619242 3.291073 4.027654 3.220995 3.468236 3.792467 2.459862 3.248246 3.714592 3.965613 3.002319 3.765549 3.540028 3.595844 3.247808 3.096829 4.423770 3.541149 3.288798 3.646480 3.595330 3.855944 3.137043 3.489184 3.619776 2.975765 3.417643 3.304802 3.297652 3.345943 3.102109 2.814959 
3.058889 2.772248 4.363719 4.394560 3.174578 5.007028 3.393261 4.482925 4.527619 3.639223 3.686896 3.739171 2.471016 3.957692 2.315559 2.358519 3.406667 4.221468 3.727671 4.147812 3.976854 3.834068 3.796701 4.358810 4.367588 2.522640 3.825690 2.871648 3.841836 3.633516 3.062505 2.817101 3.054880 2.487586 2.875329 3.234864 3.306777 3.330560 3.043959 2.314714 
3.106902 2.808943 4.408090 4.247748 3.474694 4.937840 3.293164 4.673489 4.210369 3.761656 3.056056 3.907538 2.857499 3.761787 3.316322 2.898585 2.861427 3.869694 4.237852 4.445649 4.407901 4.162000 3.984418 3.732598 3.341084 3.669875 3.400749 3.623878 3.525366 3.325043 2.914774 2.948033 3.039207 2.648875 2.204655 2.866939 1.725774 2.856547 2.369668 2.534660 
4.795777 4.500608 4.234038 4.194750 3.910316 4.680078 3.110839 4.718819 3.790891 3.693206 3.207857 3.881116 2.962985 2.981403 3.619501 3.136916 2.900601 2.852338 3.746824 3.853251 3.502762 3.251148 3.360904 3.620009 3.996855 2.511066 3.267356 3.118563 3.471689 3.376372 3.048348 2.957523 2.527986 2.718124 2.809682 3.197620 2.872412 2.291316 2.695383 2.590719 
4.433682 3.817893 4.188246 3.667369 3.695128 4.272760 2.780290 4.410885 3.202231 3.296951 2.052322 3.498480 2.996724 2.242608 3.248708 3.241303 2.993347 2.240897 2.426154 3.288365 2.550293 2.504069 3.095703 3.439912 3.199667 2.841343 2.385239 2.987964 2.742992 3.200860 2.925857 2.130031 2.330117 1.740817 0.967626 2.828778 2.453669 2.057038 2.412636 2.121489 
3.575780 3.679616 4.093939 3.421533 3.693632 3.973778 3.016169 4.180338 2.725510 2.981065 2.207747 2.946532 3.054358 2.175677 2.842330 3.110859 3.167644 2.803452 2.640537 2.992906 2.491313 3.018074 3.049620 3.228546 2.218086 2.661173 2.186396 2.177047 2.567240 2.733609 2.058198 2.533445 2.304444 1.703394 1.945227 2.500914 2.143783 2.513019 2.146746 1.928637 
4.412676 4.066854 4.286129 3.555520 3.759401 3.883441 3.435139 4.262484 2.548923 2.703194 2.185126 2.568889 3.089969 1.740316 2.285331 2.912129 3.267861 3.360031 3.398370 3.484659 2.800231 2.934682 2.422769 2.550744 2.402033 2.019019 2.028180 2.244498 2.593309 2.726582 2.661869 2.657664 1.999641 2.029800 2.264521 1.842129 1.912527 2.580958 2.010415 1.969372 
3.903808 3.848573 4.149804 3.555267 3.870714 3.834383 3.582449 4.308329 2.670521 2.708790 2.308372 1.869952 3.141537 2.383720 2.122192 2.758338 3.104201 3.493330 3.844079 3.418340 2.610203 1.564256 2.093698 3.400726 1.986040 2.157775 2.226612 2.828480 2.778218 2.083544 2.553983 2.514265 2.280662 1.887117 2.168792 2.200438 1.775342 2.596385 1.894248 1.816029 
4.089483 3.744864 4.270003 3.457597 3.898165 3.735866 3.590450 4.237461 2.568040 2.633017 2.460807 2.199171 3.147602 2.652479 2.443147 2.622523 2.956837 3.474270 3.888500 3.214662 2.081501 2.251000 2.283941 3.384334 2.195947 2.300868 2.089766 2.793543 2.617121 2.734278 2.559720 2.530190 1.898333 1.852623 2.252165 2.088819 1.905136 2.355371 1.863225 1.960194 
4.072736 3.610913 4.236679 2.713271 3.921791 3.650580 3.668806 4.044713 2.289926 2.540670 2.719388 2.436849 3.127511 2.949399 2.259748 2.489433 2.657716 3.246537 3.740439 2.736566 1.708805 1.791589 1.783956 3.457540 2.210903 2.349819 2.234803 2.266896 2.919193 2.973888 2.804229 2.718110 1.427116 1.637514 2.041205 2.160136 2.002590 1.824435 1.618666 1.693287 
4.076293 3.959145 4.444353 3.318664 3.973940 3.479972 3.740562 3.970400 2.675394 1.756257 2.265339 1.774387 2.833951 3.037289 2.401229 2.586044 2.311442 2.840368 3.154881 1.902889 1.855020 1.785190 2.377023 2.870152 2.241654 2.096177 2.357341 2.006621 2.510001 2.830804 2.940083 2.589123 2.032630 1.640759 1.771401 1.925963 1.842331 2.196877 1.491679 2.202657 
4.685626 4.330562 4.268183 2.981644 3.938327 3.374891 3.892286 4.019104 2.617289 2.269857 2.585355 2.089192 2.886486 3.164656 2.192131 1.979242 2.713427 3.244243 3.058322 1.894640 1.706237 1.773343 2.411071 2.856735 2.038309 2.079759 2.063950 2.083099 2.718605 2.646892 1.827751 2.925890 2.077340 1.900291 1.526172 1.988869 1.977804 1.881951 2.007526 2.250264 
3.971865 3.954251 4.410697 3.605441 3.971454 3.448525 4.016716 4.110200 1.944428 2.346250 2.756183 1.939602 2.894473 3.143218 2.321285 1.974926 2.678993 2.438909 2.875979 1.811473 1.571120 2.110254 2.162446 2.756922 2.453820 1.978521 2.149580 2.393723 2.461437 2.727128 2.826935 2.852733 1.674126 2.156355 2.135146 2.070916 1.299325 2.458754 2.312737 1.851243 
4.294102 3.965474 4.375577 3.255173 3.974002 3.607703 4.085623 4.274084 2.799075 2.695948 2.633848 1.108922 3.196594 3.152360 2.537664 2.144511 3.293114 2.933214 2.993965 2.165226 2.177457 1.912820 2.239080 2.364105 2.205642 1.276263 2.383935 2.436364 2.669009 2.490593 2.367762 3.105871 1.692725 2.074240 1.532809 2.105644 1.527110 1.989255 2.014534 1.928654 
4.144202 3.745932 4.384429 3.081544 3.892582 2.994792 4.132613 4.172109 2.876270 2.660369 2.908123 2.700581 3.173356 3.208638 3.028349 3.028933 3.439703 2.697276 2.676321 2.192624 2.511593 2.518978 2.328210 2.602632 2.561683 1.717824 2.309869 2.504942 2.265561 2.097389 2.530718 2.936007 1.636375 1.522681 1.886842 2.050483 1.902477 1.889210 2.344270 1.505402 
4.186295 3.815543 4.396600 3.476788 3.827464 3.581906 3.707777 3.945325 3.150964 2.646977 2.653022 2.839790 2.877395 3.301441 3.108163 3.226810 3.216514 2.863536 2.348501 1.970891 2.577839 2.647858 2.295016 2.649456 2.530896 1.936195 2.308343 1.878708 0.904812 2.449534 2.724633 2.774310 2.201929 1.665157 1.782946 1.559084 2.199574 2.500949 2.090104 1.069899 
4.079577 3.750645 4.466134 3.571092 3.656119 2.999295 3.485205 2.845044 2.509578 2.368213 2.404203 1.791163 2.832069 3.084921 2.541530 3.202729 2.379882 2.227826 2.419115 2.707555 2.738882 3.014136 2.500146 2.687367 2.091491 1.858309 2.348769 2.243866 2.360450 2.478743 2.751285 2.293144 2.396627 2.029490 1.888832 2.542711 2.836985 1.892578 2.135128 1.497623 
3.710503 3.160901 4.300040 2.936400 3.469913 2.505903 3.184588 2.433123 2.491712 1.985273 2.154695 1.521937 2.440478 2.095462 2.475361 3.306722 2.322518 2.042161 2.395389 2.636228 2.568285 2.473530 2.101071 2.529844 3.109348 1.807210 1.953959 2.038702 1.861078 1.982699 2.618827 2.217154 2.160855 1.982029 1.899210 1.692280 2.653729 2.229677 2.073054 1.473823 
2.783056 2.503577 3.604264 2.061947 2.687496 2.201580 2.450710 2.164456 1.954592 1.437305 1.786898 1.503530 1.289922 1.753308 2.036838 2.670129 2.224127 1.477181 2.080190 2.313637 2.035480 1.987611 1.567218 1.463459 2.147791 2.008721 1.327461 1.339036 1.499069 1.729730 2.011332 1.989971 1.852792 1.787496 1.896869 1.751241 1.986593 1.836647 1.174545 1.275236 
